0 75 1038 786
1 76 965 786
2 77 893 786
3 79 821 786
4 80 749 786
5 81 677 786
6 83 603 786
7 84 533 786
8 86 460 786
9 87 1038 714
10 89 965 714
11 91 893 714
12 92 821 714
13 95 749 714
14 97 677 714
15 99 603 714
16 100 533 714
17 101 460 714
18 103 1038 643
19 105 965 643
20 106 893 643
21 107 821 643
22 109 749 643
23 111 677 643
24 112 603 643
25 114 533 643
26 115 460 643
27 117 1038 569
28 118 965 569
29 120 893 569
30 121 821 569
31 122 749 569
32 123 677 569
33 124 603 569
34 125 533 569
35 126 460 569
36 127 1038 498
37 128 965 498
38 130 893 498
39 132 821 498
40 134 749 498
41 135 677 498
42 137 603 498
43 139 533 498
44 142 460 498
45 143 1038 427
46 144 965 427
47 145 893 427
48 146 821 427
49 147 749 427
50 148 677 427
51 149 603 427
52 150 533 427
53 152 460 427
54 153 1038 353
55 155 965 353
56 156 893 353
57 159 821 353
58 160 749 353
59 162 677 353
60 164 603 353
61 165 533 353
62 166 460 353
63 168 1038 282
64 170 965 282
65 171 893 282
66 172 821 282
67 174 749 282
68 176 677 282
69 178 603 282
70 179 533 282
71 181 460 282
72 184 1038 210
73 185 965 210
74 187 893 210
75 188 821 210
76 190 749 210
77 191 677 210
78 192 603 210
79 194 533 210
80 195 460 210
​