0 550 368 1530
1 552 463 1488
2 554 552 1451
4 557 353 1430
5 560 637 1416
6 562 714 1384
7 563 448 1391
8 564 784 1355
9 565 537 1357
10 566 848 1327
11 567 622 1325
12 571 337 1326
13 573 904 1301
15 575 700 1297
18 580 957 1277
19 581 432 1292
21 583 771 1271
22 584 523 1262
23 585 836 1246
24 586 609 1234
25 587 894 1223
26 588 321 1221
27 590 947 1202
28 591 687 1209
29 593 759 1186
30 595 417 1191
31 597 824 1164
32 598 509 1165
33 599 882 1144
34 600 596 1141
35 601 936 1125
36 602 674 1120
37 603 304 1116
38 604 745 1100
39 605 810 1081
40 606 401 1091
41 609 868 1064
42 610 494 1069
43 611 922 1048
45 613 581 1049
46 615 658 1031
47 616 728 1015
48 618 793 999
50 620 288 1008
51 621 852 985
52 623 386 989
53 624 908 972
54 625 478 972
55 626 563 956
56 627 640 942
57 628 711 929
58 629 779 917
59 630 841 905
60 632 899 895
61 634 280 898
62 635 379 884
63 636 470 871
64 637 557 860
65 639 640 852
66 642 716 843
67 643 785 834
68 644 849 826
69 645 909 818
70 647 274 786
71 648 374 778
72 649 467 770
73 650 559 765
74 651 648 762
75 653 729 757
76 655 802 753
77 656 869 748
78 657 932 743
79 659 950 663
80 661 884 664
81 663 814 665
82 666 737 665
83 668 653 665
84 669 562 665
85 670 465 664
86 671 368 666
87 672 263 668
​