0 8 351 1026
1 11 479 1025
2 13 606 1024
3 16 734 1022
4 18 859 1020
5 19 982 1018
6 20 1106 1016
7 21 1224 1013
8 22 1343 1012
9 23 361 898
10 25 486 898
11 26 610 897
12 27 975 894
13 28 855 894
14 30 735 895
15 32 1211 891
16 33 1096 893
17 34 1326 889
18 35 1306 776
19 36 375 779
20 38 1195 776
21 39 1082 776
22 40 966 776
23 43 495 777
24 45 850 776
25 49 734 776
26 50 614 777
27 51 1280 670
28 52 1174 670
29 53 1066 669
30 54 954 669
31 55 844 668
32 56 733 668
33 57 392 670
34 60 619 668
35 61 505 669
36 64 1048 577
37 65 941 577
38 67 1254 577
39 68 1151 578
40 70 836 576
41 71 732 577
42 73 623 576
43 74 515 575
44 77 408 575
46 79 1037 487
47 80 933 487
48 81 832 488
49 82 731 486
50 83 627 485
51 84 524 485
52 85 1238 485
53 87 1138 486
54 90 420 484
56 92 1246 386
57 94 1143 386
58 95 1041 385
59 96 936 385
60 97 834 386
61 99 732 386
62 103 626 385
63 104 523 385
64 105 421 385
65 106 1260 287
66 109 1154 286
67 110 1049 285
68 111 942 285
69 113 837 286
70 115 732 284
71 116 625 284
72 117 521 283
73 118 419 283
74 119 1257 192
75 121 1152 190
76 125 1049 189
77 127 941 189
78 130 837 188
79 131 733 188
80 132 627 187
81 133 421 187
82 134 523 187