1 67 276 1438
2 70 382 1422
3 72 489 1399
4 75 598 1372
5 78 292 1342
7 81 706 1346
8 82 395 1331
9 83 819 1320
10 84 498 1309
11 85 937 1296
12 86 601 1282
13 92 1055 1274
14 93 307 1257
15 95 703 1257
16 97 407 1248
17 99 1178 1251
18 100 809 1230
19 101 505 1227
20 102 920 1206
21 103 603 1201
22 104 323 1178
24 107 1032 1184
25 108 418 1171
26 110 700 1175
28 113 1148 1162
29 114 511 1152
30 115 800 1150
31 118 906 1127
32 119 604 1126
33 120 337 1110
34 121 428 1103
35 123 1011 1105
36 124 697 1102
37 125 517 1086
38 126 1120 1084
39 127 792 1079
40 128 606 1062
41 130 893 1057
42 131 349 1046
44 133 695 1041
45 134 437 1039
46 135 993 1036
47 136 522 1026
48 137 787 1021
50 139 611 1008
51 140 1096 1015
52 141 883 999
53 142 698 988
54 143 359 984
55 144 977 978
56 146 443 974
57 147 784 968
58 148 527 965
59 149 1075 956
60 150 612 954
61 151 874 946
62 152 369 927
65 155 963 924
66 157 693 930
67 159 449 917
68 160 531 908
69 161 1055 902
70 163 775 907
71 164 613 898
72 165 383 883
74 167 457 870
75 168 861 884
76 169 688 872
77 171 535 861
78 172 947 862
79 173 613 846
80 174 766 845
81 177 1035 839
82 179 848 820
83 180 684 819
85 182 930 797
86 183 758 790
87 185 1016 773
88 187 836 763
89 189 916 739
90 191 998 714